-3.612537419246986
-5.016259221506281
-3.1442926345460727
4.503677217213543
5.912085458564773
6.669013517260819
1.147054625635791
4.164965061655646
-4.497852364373447
6.263342666321389
9.193704827356118
3.7953813051555585
5.858308300991917
3.282316492223231
-2.4231303237871016
9.196092897405286
8.896086650378315
3.1498765174691368
6.379398183064872
-6.464739624285363
-2.835618908035613
7.884174162973206
-4.3880140745953655
9.8754155861524
-6.735833900513244
-8.7901863372298
-9.422960840880584
1.55046914079775
3.9294371167859037
4.492537144250955
-4.845201064521449
8.251293392780298
8.802570527107953
6.061083348821228
-9.827352136460444
-1.9674474895552336
9.590646004206015
-4.425114223799094
4.863182617162121
9.633733006233815
