7.30345367166958
-4.747902869804155
9.323931995896771
-7.555208633848927
7.8218918922174225
1.6340070034927336
-3.699854197462235
-3.816252192935739
-3.5452798025466574
3.7338499676983545
3.616044293844409
1.6267759792591203
5.465719882682446
1.9240866610203877
-5.928567512458633
-6.121331477097202
8.192006320888261
8.615294237365866
4.044591173913011
9.297306618771863
1.7975490109266357
-1.494551108935486
-2.801881271232805
3.1162019287271328
2.8224512954283796
6.902130296551185
5.1140891116256455
-1.21199028480717
-9.848716739492378
-0.8467187992869185
-6.096156578220664
-6.824200574394775
6.684063584961351
1.3561512197298384
1.027774727218162
-0.28616424334025936
-9.311579110472932
-7.435906380027806
7.659717897588191
-2.079953447017397
