5.010096556783504
6.776290171217102
-8.49584026075658
9.522090353552851
4.5331612334233835
-0.27453838301397937
-2.80906954486092
5.875371188814713
2.347061478414677
-4.321051548824428
-0.7358154324664472
3.5569529970578095
1.1138361799589447
1.3658388907581163
4.042242807053604
-6.973163752832196
-3.5318183700763317
-1.0703235216952685
5.330539303208447
-2.560015510526876
-0.6940506584996502
-2.7310152358028024
2.8787716589924237
4.701302952570899
1.9956532446403479
-8.513512158469505
9.816514064095124
0.2407945799359119
0.110027983707079
3.011686963688213
-6.132863716518003
0.27739193449101407
8.799007559774616
-0.019902108058049706
5.451683481724061
8.065574334950718
-0.04267468041949485
7.132150720529545
-7.000263800456605
-9.493454022947592
