4.3554379734098365
0.8168806326704647
-3.184256965668382
-2.2525477951575157
2.083627254093072
1.4262154208660398
-0.37363830600983583
-1.4956709246057027
2.096151875228978
6.705563928837744
-2.802906765765849
2.2467440756305344
-4.923935880902968
5.312442560054764
-5.5806387759543625
-7.07651479560764
-8.559907084930973
4.934079559939244
-5.523628367556892
2.173572370405463
-9.249311986306337
0.9612877187165676
-6.393302354116632
3.896495705278575
3.18567165666048
0.767935598051519
0.7365703664832282
-4.316579971877683
-7.6936967072307105
0.45291661230836233
-7.437471246399372
2.6973660782222826
5.947306393790823
-2.542784010258279
-4.4025400810741395
1.6644794178661186
-4.764528400458767
6.362786681556901
6.832209930666128
1.5857508351723215
