0.8550446245407155
-9.526484756482507
1.2931372875925806
2.9443566708199214
-9.341401050384313
6.937374753027605
-3.930563456042961
8.410378789939958
-1.1433743233459843
-1.6239524067779438
9.927501811209332
-3.5985312903334687
-3.1598451841616226
-3.5137516726066176
6.735601539302866
0.174001534940464
-9.718970399918632
5.523017091137936
-6.148296689346175
-7.377270030260612
-5.0020642578447205
0.09296865045049785
-6.8753521844197625
7.771160855434488
-2.363770369802416
9.354045641477512
-7.493155420263395
1.3034570440060769
7.007326742059789
4.183139677752612
8.478530613886523
-2.300883633309647
-5.595162505993219
-6.449029100046147
-5.450574720426986
-2.0613698983394606
7.257897057211132
1.4766196194874777
-2.806118956230417
-6.840794106152821
