1.3176937669947737
-2.7640677301932293
3.7653786021099194
-7.034009871650171
-6.945043204199061
-9.439603254587627
-4.586189745548319
-7.277582788957702
9.48805515349527
5.127436752039403
-7.0640238470996275
-4.98510024637296
-9.612866889845117
0.20562966734772914
-4.722090237814158
1.842733198492768
0.7412112301135707
-2.2829495996941844
6.066073461819794
9.91192717634954
7.438630482690755
3.9999675735738975
-7.850814599679341
3.218954067626406
0.052002276820505955
-5.736586091196749
-0.21532294296855525
9.498110288319026
-4.403924573468874
-3.6024441215633303
-0.9350590187440648
2.3288394106861805
7.630471314094116
7.122674100332482
3.257327603022498
-7.554770903233672
2.4760664909685044
-8.911823137973034
5.909353863032049
6.85142212362765
