-2.0132773601864296
-2.1707381477623837
2.6539292128588237
3.82814652310773
-7.679489033346516
-9.317212977271756
0.4457764094861396
-8.125750382400618
5.654904696488906
-1.972554003739777
-9.15540095717125
-2.6131312313361192
0.27043315242866406
9.198941122349211
-3.4205802425980654
-1.604214851893781
2.9494074123718956
0.5440562070222317
-1.3071462616163991
-6.8775330653864675
-0.7031505294286244
8.507716286410897
9.49749724473375
-0.6644473581758898
-8.118331313240901
0.2871287026012741
-8.40653417717249
9.593203713959799
-3.189968394494487
1.8030430478903803
-8.751498939587957
0.8906687141546659
7.277462769873981
3.652877868391762
3.9403243702662554
-5.100492871549564
2.5156348785566713
4.595059544867926
6.341136483798401
3.2531367108942675
