-9.359146389699916
6.238709372461123
-0.7552716383339408
-1.0045077523954298
-5.7824474656512725
-2.9475697346238245
-5.297683331235882
9.024259055971331
0.1991168233768743
9.41584138406953
-3.2097424804629675
-7.590467589179712
2.33398654925079
-6.410053803578104
2.1222057715790115
7.659712429964621
-7.370584515951332
3.9341487260229275
-6.729113893940715
-1.4095210528665536
-4.191527765103739
-4.260304312736425
1.591570532672609
8.233757875584033
-3.7798422190700043
-1.0460872849382241
6.230041281839366
8.310850987120745
6.8883700628205915
-6.287514423751414
5.61849288779894
-0.02909709205584754
4.8134123503047
4.068246416547044
-7.8221647484533285
8.52598174323477
-2.6470589800999473
5.608489366337237
7.73267185073265
-2.9910905783850446
