-2.951221959525265
-4.126496720350734
-0.4369174838859422
6.927292975552348
-4.914461815544067
9.608103109271369
-0.11322066458718183
-7.4865003621389326
-7.143183245732372
2.564449513791642
5.747009510246599
-9.520725876409635
0.834266977173435
-5.1303988762912045
7.6426562771098965
-3.423344481344741
9.401163966765601
-7.96147035353981
9.670716324697509
-1.9341504224547208
-5.776164828977828
-3.0690112187732037
4.484686452285855
5.299618928050053
9.807448545947906
7.662955237413339
-8.966419148898641
-2.250030092210771
9.563484903706936
-2.1124153847331755
-9.974021386591874
-6.824702453926406
1.2941172668070404
-6.776263259734452
6.914565863729763
-9.333516014394492
-8.779994798594945
9.484811291875264
-2.597024246642845
3.19952930241927
