-0.4970584280751069
-6.769647055620669
-5.87546335510603
3.7177719674921192
-9.283450395766266
2.492423580226774
-5.906959593128707
9.81708211276844
1.0582152766642494
-4.02130277520871
5.00889164057555
-3.5906929364323332
-1.7248869316231747
-6.154838797811557
7.973274393495014
-5.613172839411211
8.486348791723604
4.291434418709068
4.504843590679856
7.224351985045367
-8.461542434536586
0.7823772329833378
-2.2918758836375623
9.596519083977409
-6.0774572641989995
-2.2285953618190195
-2.5734766867267105
-0.9259782826673906
5.875273369054641
8.730897176535642
-2.6837500017556533
-2.8610824378924082
-0.08528710601767386
-3.4188771503334614
-8.927213256973252
7.35681962436934
9.948605450767381
-6.518133248018336
-8.052557159556287
-9.887689203589709
